<?xml version="1.0" encoding="utf-8"?>
<COLLADA version="1.4.1" xmlns="http://www.collada.org/2005/11/COLLADASchema">
  <asset>
    <contributor>
      <author>www.makehumancommunity.org</author>
    </contributor>
    <created>2020-07-25T13:40:14+00:00</created>
    <modified>2020-07-25T13:40:14+00:00</modified>
    <unit meter="0.1000" name="decimeter"/>
    <up_axis>Y_UP</up_axis>
  </asset>

  <library_images>
  </library_images>

  <library_effects>
    <effect id="DefaultSkin-effect">
      <profile_COMMON>
        <technique sid="common">
          <phong>
            <diffuse>
              <color>0.5903 0.4400 0.3380 1.0000</color> 
            </diffuse>
            <transparent>
              <color>1.0000 1.0000 1.0000 1.0000</color> 
            </transparent>
            <specular>
              <color>0.3000 0.3000 0.3000 1.0000</color> 
            </specular>
            <shininess><float>245.76</float></shininess>
            <normal>
              <color>1.0000 1.0000 1.0000 1.0000</color> 
            </normal>
            <bump>
              <color>1.0000 1.0000 1.0000 1.0000</color> 
            </bump>
            <displacement>
              <color>1.0000 1.0000 1.0000 1.0000</color> 
            </displacement>
          </phong>
        </technique>
        <extra>
          <technique profile="GOOGLEEARTH">
            <show_double_sided>1</show_double_sided>
          </technique>
        </extra>
      </profile_COMMON>
      <extra><technique profile="MAX3D"><double_sided>1</double_sided></technique></extra>
    </effect>
  </library_effects>

  <library_materials>
    <material id="DefaultSkin" name="DefaultSkin">
      <instance_effect url="#DefaultSkin-effect"/>
    </material>
  </library_materials>

  <library_controllers>

    <controller id="icarus_raw-proxy741-skin">
      <skin source="#icarus_raw-proxy741Mesh">
        <bind_shape_matrix>
          1 0 0 0
          0 1 0 0
          0 0 1 0
          0 0 0 1
        </bind_shape_matrix>
        <source id="icarus_raw-proxy741-skin-joints">
          <IDREF_array count="53" id="icarus_raw-proxy741-skin-joints-array">
            Root pelvis spine_01 thigh_l thigh_r spine_02 calf_l calf_r spine_03 foot_l foot_r clavicle_l clavicle_r neck_01 ball_l ball_r upperarm_l upperarm_r head lowerarm_l lowerarm_r hand_l hand_r index_01_l middle_01_l pinky_01_l ring_01_l thumb_01_l index_01_r middle_01_r pinky_01_r ring_01_r thumb_01_r index_02_l middle_02_l pinky_02_l ring_02_l thumb_02_l index_02_r middle_02_r pinky_02_r ring_02_r thumb_02_r index_03_l middle_03_l pinky_03_l ring_03_l thumb_03_l index_03_r middle_03_r pinky_03_r ring_03_r thumb_03_r
          </IDREF_array>
          <technique_common>
            <accessor count="53" source="#icarus_raw-proxy741-skin-joints-array" stride="1">
              <param type="IDREF" name="JOINT"></param>
            </accessor>
          </technique_common>
        </source>
        <source id="icarus_raw-proxy741-skin-weights">
          <float_array count="1715" id="icarus_raw-proxy741-skin-weights-array">
           0.00084848545 0.0064781224 0.005341433 0.005584785 0.006997688 0.48926425 0.00077186094 0.0048072077 0.00035765156 0.00040339355 0.0015030924 0.0038265798 0.06562804 0.0515677 0.068234235 0.051915508 0.44326842 0.039222285 0.05418932 0.017368598 0.028524742 0.22008319 0.18548295 0.29576603 0.16521722 0.7036419 0.22428966 0.109010935 0.14050105 0.39138314 0.31669188 0.4789333 0.29519352 0.49158216 0.44983542 0.3873345 0.56027484 0.81909895 0.6738114 0.48555705 0.012064665 0.006488718 0.004167445 0.010715076 0.028063806 0.028730476 0.0604366 0.6907182 0.81243813 0.05069054 0.8917928 0.28876495 0.36984304 0.31541735 0.48851052 0.62019885 0.43803352 0.41911063 0.4780181 0.8062247 0.18467896 0.09306115 0.051127035 0.045100488 0.0008484855 0.0065170736 0.005375907 0.005584785 0.0069976887 0.48918033 0.00727327 0.00077190896 0.0048073996 0.0004033936 0.00382658 0.06575557 0.05166047 0.06818871 0.051959217 0.44209534 0.05413624 0.028624577 0.22060083 0.18570884 0.2954922 0.16520526 0.71818143 0.041480478 0.22428063 0.14074002 0.3923224 0.3171201 0.4776189 0.29525933 0.5140866 0.25135005 0.45037746 0.39193195 0.837598 0.6852554 0.48925912 0.008501841 0.010067548 0.0032936276 0.014913636 0.039152324 0.031667016 0.07074808 0.70459545 0.05363345 0.28843254 0.37784284 0.31462643 0.48879725 0.62042207 0.46358946 0.42021328 0.47841215 0.18544298 0.83674 0.48310617 0.093299955 0.05136913 0.0005609163 0.00086251186 0.013405341 0.0004297762 0.0003840425 0.0947203 0.09833629 0.07451809 0.10075286 0.2336935 0.0062145703 0.046985596 0.0025623972 0.0038325118 0.011403586 0.020976767 0.31631526 0.3020368 0.3315126 0.2828866 0.17465857 0.30264118 0.24305847 0.077527784 0.109766126 0.52843297 0.57943904 0.50348955 0.5790049 0.06820585 0.46477133 0.2914521 0.3930419 0.48377714 0.58255655 0.34848496 0.6075821 0.16505927 0.3660367 0.43537608 0.41198358 0.02643228 0.010555272 0.15813045 0.05879035 0.00426713 0.049750708 0.048742555 0.07168541 0.39690042 0.30434352 0.044635862 0.10809153 0.34692565 0.08582688 0.4353749 0.2810633 0.20392671 0.16187164 0.0005609163 0.0008624918 0.013405297 0.00042980188 0.00019317942 0.0003840417 0.09472387 0.098339215 0.07451809 0.09672132 0.2325885 0.10867517 0.006214941 0.046987236 0.0038325123 0.020976767 0.3163044 0.30203676 0.33153155 0.28287372 0.1743913 0.24308535 0.10972822 0.5280594 0.57924134 0.50344193 0.5789626 0.067656234 0.6586221 0.46482995 0.39282534 0.4827036 0.5821696 0.34808412 0.60766023 0.1650577 0.63524806 0.36587954 0.43530113 0.027964294 0.010596098 0.15802321 0.049721453 0.048734576 0.07131931 0.3965138 0.30441347 0.04463996 0.10801198 0.3464509 0.43539435 0.43586257 0.28106543 0.20390517 0.00010634737 0.27704224 0.002036379 0.0011466203 0.0024666176 0.00052526867 0.38207304 0.0017729361 0.00012372038 0.000960035 0.018828245 0.012695609 0.036371868 0.00418222 0.22590114 0.02413468 0.0018790003 0.008588898 0.08789891 0.05535107 0.17258176 0.016017472 0.33905095 0.15389508 0.13551024 0.009214803 0.13916819 0.8209484 0.9262686 0.841133 0.95895475 0.9604225 0.975035 0.9735051 0.31563336 0.3563125 0.98793536 0.9935113 0.99583256 0.98928493 0.9719362 0.9712695 0.93956345 0.46209294 0.57071644 0.3803153 0.18660498 0.26381272 0.20080744 0.62584656 0.9861132 0.30928186 0.07034255 0.94930947 0.41416824 0.031310927 0.66148436 0.5814144 0.6128972 0.0636193 0.06318562 0.51733065 0.46820578 0.15127976 0.016581204 0.020725803 0.00543639 0.0020577635 0.0006440156 0.0023081051 0.018351436 0.077752195 0.017313728 0.00012372038 0.0018790003 0.00848959 0.015300627 0.058429018 0.07262919 0.08730604 0.0006440156 0.00010635799 0.2782311 0.002036282 0.0010853685 0.002466789 0.0005252549 0.3835134 0.0017137073 0.0009935607 0.018921236 0.012723301 0.03667936 0.004181974 0.2119112 0.024057172 0.008651617 0.08816307 0.055320058 0.17429699 0.015797531 0.31656572 0.0017327117 0.15352622 0.13102517 0.11608624 0.81871384 0.94214165 0.8917853 0.95898473 0.96055317 0.9759868 0.9736498 0.3041485 0.35271767 0.9914982 0.9899325 0.99670637 0.9850864 0.9608476 0.968333 0.9292519 0.48829868 0.6191591 0.38941 0.17583774 0.26277724 0.19495754 0.68569386 0.9861584 0.29540455 0.94636655 0.42389762 0.661846 0.57342255 0.61405426 0.06376375 0.06289246 0.49177057 0.4671827 0.15136829 0.019921385 0.08550782 0.017313728 0.005190097 0.0020577635 0.006996123 0.026700402 0.025859565 0.021627411 0.21707761 0.017602535 0.011859614 0.2966841 0.19540569 0.5387658 0.18515429 0.18298358 0.5795901 0.045180775 0.10970146 0.19815493 0.3469202 0.48151746 0.47039422 0.55921817 0.47170854 0.45871198 0.7009793 0.6941857 0.6493997 0.14019024 0.121166416 0.1643725 0.1589826 0.0022511247 0.28680438 0.5749852 0.45185643 0.009438911 0.0073055974 0.03230635 0.0043075993 0.030232804 0.041779142 0.0018169165 0.01093773 0.050969798 0.0040612314 0.35922042 0.60929984 0.632926 0.70032465 0.006996072 0.02669945 0.025859885 0.021628216 0.21707688 0.022714932 0.01760373 0.0049318145 0.011859522 0.29663906 0.19478579 0.53894687 0.18547338 0.21611945 0.18305579 0.58008635 0.10979036 0.34679687 0.48140424 0.4703627 0.5592437 0.47168657 0.7010647 0.6493134 0.14004502 0.1211389 0.16438645 0.15897124 0.0022511247 0.24321969 0.2868323 0.45177191 0.009409879 0.007304867 0.032381978 0.004290029 0.05547139 0.030216869 0.041741718 0.0018169165 0.01093773 0.050925273 0.35924128 0.0464038 0.6093052 0.63270545 0.17905155 0.07373147 0.15886703 0.041045245 0.039577533 0.024965009 0.026494922 0.53790706 0.42928353 0.6196847 0.813395 0.73618734 0.79919255 0.37415347 0.99103695 0.99245095 0.99304986 0.9945373 0.9922418 0.99275994 0.9968555 0.35694775 0.43714803 0.48745313 0.54021287 0.5316884 0.599626 0.64581734 0.14678782 0.21598211 0.05523292 0.02055445 0.04627599 0.040778086 0.010801268 0.013886834 0.58583176 0.99928457 0.59550047 0.033073068 0.18128622 0.057858355 0.108214684 0.041015312 0.03944684 0.024013255 0.02635022 0.51170135 0.38084087 0.61059004 0.82416224 0.7372228 0.8050424 0.31430617 1.0 1.0 1.0 1.0 1.0 1.0 1.0 0.33075395 0.4235372 0.58199793 0.54893005 0.5865359 0.6791398 0.6993494 0.1046817 0.17768854 0.05523292 0.005978634 0.04617374 0.040778086 0.010801268 0.0138415955 0.5761024 1.0 0.61486024 0.033073068 0.058464665 0.10295661 0.07937698 0.008804936 0.0060725096 0.00083740766 0.13379729 0.06896078 0.0666362 0.07172631 0.07209413 0.07394308 0.2765945 0.24625012 0.53430355 0.2261035 0.21205613 0.24742997 0.2997059 0.31492677 0.31971216 0.38769802 0.8561372 0.7164104 0.16581514 0.30163917 0.15839262 0.38946095 0.50129604 0.5276439 0.15621236 0.2569574 0.051466856 0.022017334 0.14899465 0.4877322 0.27413136 0.08267423 0.2863415 0.36744905 0.742167 0.8099438 0.7964991 0.9629088 0.9681846 0.7679242 0.9206933 0.7783648 0.69238037 0.96869624 0.86710846 0.60201114 0.7009166 0.38113138 0.70709515 0.79559875 0.36861715 0.9518992 0.87760603 0.7889384 0.62827647 0.13450284 0.17485471 0.038568366 0.19296402 0.19942462 0.21067053 0.21134938 0.0924654 0.10121598 0.09261313 0.020793682 0.006011706 0.027501933 0.03809487 0.048900574 0.010037153 0.08776067 0.0022845473 0.13295239 0.5732772 0.1305554 0.78817785 0.98906225 0.8370581 0.9621127 0.012271988 0.0045920564 0.023776464 0.011139318 0.10996248 0.09141516 0.058415875 0.102947116 0.07937698 0.008804936 0.0060725096 0.19195783 0.00083740766 0.13376541 0.0018395402 0.06895777 0.0666069 0.07172631 0.07209413 0.27977094 0.24601199 0.7221751 0.5403667 0.22599775 0.21202567 0.24743812 0.2997059 0.31492677 0.3877497 0.71437734 0.16571555 0.3015453 0.1583656 0.38918355 0.50129604 0.5276439 0.522777 0.15617578 0.2569501 0.05142217 0.022017334 0.14899465 0.48773858 0.27413425 0.08267423 0.2863415 0.36745572 0.7420018 0.80976796 0.7964765 0.96278566 0.9681828 0.767925 0.9754346 0.77831036 0.69238037 0.98509455 0.96864706 0.86710846 0.987767 0.60201365 0.7014991 0.3809503 0.7108076 0.6679321 0.7955247 0.368119 0.8775172 0.6283998 0.13449952 0.17485471 0.038569313 0.19295527 0.21134025 0.092373505 0.10118762 0.09267893 0.056677762 0.0060111806 0.02740101 0.038085468 0.048900977 0.053889662 0.087766565 0.0022845473 0.13294874 0.5732807 0.13055785 0.78817785 0.98906225 0.8370401 0.9621127 0.9798175 0.012272057 0.004592056 0.023768678 0.011139318 0.10996248 0.008963032 0.007549071 0.0069501605 0.0054627047 0.007758203 0.0072400765 0.00314452 0.6430522 0.56285197 0.51254684 0.45978716 0.46831158 0.400374 0.35418272 0.8532122 0.7840179 0.94476706 0.9794456 1.0 1.0 1.0 0.88703096 1.0 1.0 0.953724 0.95922196 0.98919874 1.0 1.0 1.0 1.0 1.0 1.0 0.88326293 1.0 1.0 1.0 1.0 1.0 0.0007154305 0.40449956 0.96692693 1.0 1.0 0.6692461 0.57646286 0.41800213 0.45106992 0.4134641 0.32086018 0.30065063 0.89531827 0.82231146 0.94476706 0.9940214 1.0 1.0 1.0 0.88703096 1.0 1.0 0.9538263 0.95922196 0.98919874 1.0 1.0 1.0 1.0 1.0 1.0 0.883263 1.0 1.0 1.0 1.0 1.0 0.3851398 0.96692693 1.0 1.0 0.009473366 0.024577154 0.015078698 0.0024891591 0.016250212 0.014470536 0.0067316843 0.001250368 0.24007717 0.21098225 0.15621768 0.072930925 0.12501319 0.042600952 0.0031350516 0.40171933 0.06889005 0.24908629 0.45716286 0.26536217 0.34882635 0.18868193 0.057769436 0.43597612 0.41852486 0.38871598 0.06509032 0.16979069 0.09016968 0.33940482 0.12635455 0.060961723 0.41764557 0.006213453 0.020382678 0.15146957 0.0013243001 0.010187966 0.03824352 0.011417337 0.2171849 0.09617429 0.22106835 0.30956164 0.36304873 0.20594113 0.25400305 0.039754987 0.080884114 0.004237719 0.0036505617 0.053022448 0.0009252325 0.0055011055 0.07018299 0.03825165 0.009473389 0.02466143 0.015078697 0.0024891591 0.0019207143 0.0162508 0.014469905 0.006756091 0.001250368 0.24837102 0.2113226 0.031967 0.15704481 0.073159434 0.1251209 0.042708322 0.0031350516 0.4018959 0.25258785 0.45749414 0.26544866 0.34892637 0.18918817 0.0579123 0.43795335 0.41854128 0.38878626 0.06509032 0.16966528 0.09016969 0.3393949 0.12636806 0.060961723 0.4176455 0.0062133432 0.020381698 0.1515868 0.001375892 0.010188986 0.0009252325 0.011418466 0.2171849 0.09617429 0.0055011055 0.22125903 0.30954593 0.36306936 0.20593566 0.2539972 0.039754987 0.080900066 0.004237719 0.13398446 0.001977728 0.00121704 0.007794858 0.0006954119 0.071935564 0.015132887 0.6175103 0.021611227 0.00019756975 0.0026762884 0.04216935 0.013126462 0.014686166 0.4453548 0.0071723456 0.0843861 0.029182076 0.4718426 0.5242751 0.33509386 0.18647854 0.14851987 0.41517133 0.23616025 0.057626043 0.19281745 0.049222335 0.59984326 0.6379993 0.6507284 0.049024582 0.18133765 0.64279544 0.18742988 0.645654 0.42293134 0.49420923 0.2854329 0.6697459 0.6171563 0.6672371 0.6361377 0.6167231 0.6111553 0.08081872 0.0047897734 0.016640041 0.22239941 0.39578363 0.3349533 0.40994263 0.43378624 0.45843682 0.01705608 0.05802707 0.09929473 0.13398446 0.001977728 0.00121704 0.0077948584 0.0006954119 0.071935564 0.015132887 0.617562 0.021611227 0.00019096499 0.002676556 0.04216935 0.013126462 0.014686166 0.44554654 0.0074584936 0.084386095 0.029182076 0.4718006 0.5242751 0.33509386 0.18686429 0.39429465 0.14851987 0.41520208 0.16739869 0.23616025 0.057626043 0.19281745 0.049222335 0.59985536 0.6380044 0.6507284 0.049024582 0.18133765 0.64279544 0.043045282 0.41075608 0.49411035 0.18060543 0.2785378 0.66962314 0.61710954 0.6671209 0.6361377 0.6167231 0.080584094 0.014774878 0.22228232 0.39581665 0.3349533 0.40971497 0.43364337 0.45843682 0.4589453 0.016096007 0.05802832 0.09925143 0.11296907 1.0 1.0 1.0 0.11673707 1.0 1.0 1.0 0.11296907 1.0 1.0 1.0 0.11673699 1.0 1.0 1.0 0.00020162312 0.0018178506 0.0003585123 0.000279304 0.0013427204 0.036245737 0.02499748 0.0052753584 0.0023288932 0.02360091 0.00042686422 0.12976398 0.017863236 0.14884366 0.03254395 0.1528264 0.007589559 0.3907554 0.26601756 0.45943215 0.91289234 0.68121463 0.90983033 0.652205 0.66404223 0.6748589 0.097734064 0.043104216 0.17286298 0.5995141 0.65118134 0.8563641 0.7448007 0.29601294 0.6263375 0.8317811 0.22989327 0.038586654 0.17593803 0.009907384 0.0007443971 0.0014057753 0.21221551 0.19218552 0.09043473 0.019060109 0.036717225 0.014431295 0.008456583 0.69117105 0.6881538 0.50399894 0.22078171 0.61544156 0.17025025 0.0820578 0.033649582 0.03700554 0.22370578 0.00039952502 0.0048902156 0.00061543804 0.010091245 0.0014057753 0.00020161195 0.0018176687 0.0003585123 0.00027933193 0.0013426517 0.03669775 0.024992745 0.005276414 0.0023288932 0.02360091 0.0004268642 0.12977031 0.018260015 0.14872962 0.032517802 0.15275341 0.0075888005 0.3897749 0.2660072 0.45944986 0.91289234 0.6813401 0.90983033 0.652205 0.66404223 0.6748589 0.097734064 0.043104216 0.17286652 0.59949774 0.65118134 0.8563641 0.7448007 0.29601294 0.626331 0.8317811 0.23005962 0.038645267 0.17596158 0.00997852 0.00074432255 0.21221551 0.19223773 0.09043473 0.0048902156 0.01910941 0.036717225 0.00061543804 0.014432644 0.008456584 0.6909744 0.68816954 0.5039819 0.22078371 0.61544496 0.17025025 0.08205979 0.033649582 0.010091245 0.03700554 0.22370578 1.0 1.0 1.0 1.0 1.0 1.0 1.0 1.0 1.0 1.0 1.0 1.0 1.0 1.0 1.0 0.86601555 1.0 1.0 1.0 1.0 1.0 1.0 0.9980223 0.99878293 1.0 0.99220514 0.9993046 0.92806447 0.9848671 1.0 1.0 1.0 1.0 1.0 1.0 0.31435004 1.0 1.0 1.0 1.0 1.0 1.0 0.9783888 0.9998024 1.0 1.0 0.9973237 0.95783067 0.98687357 0.9853138 1.0 0.55464524 0.99282765 1.0 1.0 1.0 1.0 1.0 1.0 0.91561395 0.9708179 1.0 1.0 0.3988059 1.0 1.0 1.0 1.0 1.0 1.0 1.0 1.0 1.0 1.0 1.0 1.0 1.0 1.0 1.0 1.0 1.0 1.0 1.0 1.0 0.38091072 0.653612 0.807449 1.0 1.0 1.0 1.0 0.85064274 0.4345019 0.7638397 0.94237393 0.80718255 0.95077765 0.31538272 0.28863287 0.2762949 1.0 1.0 1.0 1.0 1.0 1.0 1.0 1.0 1.0 0.9509754 0.81866235 0.2851104 1.0 0.81257015 0.28040296 0.024151346 0.023560934 0.018770473 0.028890815 0.022173434 0.042305093 0.0610213 0.068350084 0.069132544 0.005778972 0.0046710745 0.005001298 0.004324911 0.0071483427 0.013919239 0.0004731107 0.0010902891 1.0 1.0 1.0 1.0 1.0 1.0 1.0 1.0 1.0 1.0 1.0 1.0 1.0 1.0 1.0 1.0 1.0 1.0 1.0 1.0 1.0 1.0 1.0 1.0 1.0 1.0 1.0 1.0 1.0 1.0 1.0 1.0 0.86601555 1.0 1.0 1.0 1.0 1.0 1.0 0.9980223 0.99878293 1.0 0.99220514 0.9993046 0.92806447 0.9848671 1.0 1.0 1.0 1.0 1.0 1.0 0.31434715 1.0 1.0 1.0 1.0 1.0 1.0 0.9783888 0.999809 1.0 1.0 0.9973234 0.95783067 0.98687357 0.9853138 1.0 0.5544535 0.99254155 1.0 1.0 1.0 1.0 1.0 1.0 0.9156139 0.9708179 1.0 1.0 0.39877322 1.0 1.0 1.0 1.0 1.0 1.0 1.0 1.0 1.0 1.0 1.0 1.0 1.0 1.0 1.0 1.0 1.0 1.0 1.0 1.0 1.0 0.38091072 0.653612 0.8070632 1.0 1.0 0.40817624 0.85064274 0.4345024 0.8307618 0.7638397 0.94237393 0.80718255 0.95077765 0.31537434 0.28863257 0.2762949 1.0 1.0 1.0 1.0 1.0 1.0 1.0 1.0 1.0 1.0 1.0 0.9509754 0.81866235 0.2851104 1.0 1.0 1.0 1.0 0.9569547 0.024404116 0.02356236 0.011830496 0.01877423 0.028890816 0.022142982 0.042305768 0.0610213 0.068350084 0.0057783257 0.0046716123 0.005001298 0.0043245754 0.0071483427 0.013919239 0.018277626 0.00047311076 0.0010903253 1.0 1.0 1.0 1.0 1.0 1.0 1.0 1.0 1.0 1.0 1.0 1.0 1.0 1.0 1.0 1.0 1.0 1.0 1.0 0.347795 0.33595774 0.32514113 1.0 0.90226597 0.9568958 0.23160774 0.5854178 0.34997413 0.34881863 0.25519928 0.16821896 0.78778446 0.39619717 0.96299446 0.77629423 0.31956974 0.53521454 0.00035454455 0.06656729 0.07198739 0.347795 0.33595774 0.32514113 1.0 0.90226597 0.9568958 0.23531361 0.5847299 0.35252416 0.34881863 0.25519928 0.16821896 0.78778446 0.39727533 0.96299446 0.77629423 0.3222594 0.54089516 0.00035461548 0.0663321 0.07199085 0.64030606 0.41458222 0.6500259 0.5589033 0.6804303 0.46478546 0.053393148 0.07934508 0.4341982 0.11548764 0.7323316 0.75796044 0.76470333 0.9334327 1.0 0.9280126 0.99701935 1.0 0.9807832 1.0 0.7928586 0.726095 0.62219125 0.14893468 0.051003538 0.48872858 0.63660103 0.41527006 0.64747584 0.55782515 0.6777406 0.45910484 0.053393148 0.07934508 0.4341928 0.11548764 0.72026736 0.7593665 0.7647034 0.9336679 1.0 0.92800915 0.99701935 1.0 0.9807832 1.0 0.7928586 0.72264886 0.6222157 0.148935 0.051003538 0.488756 0.2071414 0.2620264 0.00817731 0.015732277 0.22332174 0.01187859 0.20578942 0.39731246 0.43311724 0.6467103 0.0029806953 0.019216724 0.8509071 0.9382624 0.0041983533 0.17201936 0.00015822558 0.105781674 0.12396723 0.04489957 0.27269557 0.65114534 0.06826146 0.6188238 0.24364462 0.15290289 0.23094583 0.2071414 0.266128 0.00817739 0.015732277 0.22332174 0.011223162 0.2057929 0.39733696 0.43311724 0.6467103 0.0029806953 0.019216724 0.8509067 0.9382624 0.0041983533 0.17199145 0.00015820976 0.10572958 0.1239664 0.044899575 0.27269557 0.65114534 0.06826336 0.6188238 0.2542751 0.15161586 0.23094583 0.9080555 0.77667826 0.5668828 0.001316035 0.35328975 0.010734105 0.029727388 0.0041958303 0.004118997 0.6739113 0.26950958 0.002023842 0.49754032 0.26568857 0.7816906 0.75980616 0.82224375 0.5472299 0.023669263 0.08913669 0.004350818 0.9080555 0.77667826 0.5668828 0.001316035 0.35328975 0.010734105 0.02976195 0.0041958303 0.004118997 0.6739113 0.26950958 0.002023842 0.49754378 0.26568857 0.7816906 0.75980616 0.82224375 0.5549494 0.025102986 0.08901762 0.0043508178 0.076212235 1.0 1.0 1.0 0.99625754 0.9702726 0.9916058 1.0 1.0 0.0024264543 1.0 1.0 0.9979762 1.0 0.21830939 0.24019384 0.17775626 0.4527701 0.076212235 1.0 1.0 1.0 0.99625754 0.9702381 0.9916058 1.0 1.0 0.0024264543 1.0 1.0 0.9979762 1.0 0.21830939 0.24019384 0.17775626 0.4450506
          </float_array>
          <technique_common>
            <accessor count="1715" source="#icarus_raw-proxy741-skin-weights-array" stride="1">
              <param type="float" name="WEIGHT"></param>
            </accessor>
          </technique_common>
        </source>
        <source id="icarus_raw-proxy741-skin-poses">
          <float_array count="848" id="icarus_raw-proxy741-skin-poses-array">
            0.0000 1.0000 0.0000 -0.0290
            0.0000 0.0000 1.0000 0.9345
            1.0000 0.0000 0.0000 0.0000
            0.0000 0.0000 0.0000 1.0000

            1.0000 0.0000 -0.0000 -0.0000
            -0.0000 0.9394 -0.3427 -8.9230
            0.0000 0.3427 0.9394 -2.5759
            0.0000 0.0000 0.0000 1.0000

            1.0000 -0.0000 -0.0000 0.0000
            0.0000 0.9919 0.1273 -9.9353
            0.0000 -0.1273 0.9919 2.2401
            0.0000 0.0000 0.0000 1.0000

            0.9060 -0.0047 -0.4232 -1.2548
            0.0334 -0.9960 0.0827 9.2042
            -0.4219 -0.0890 -0.9022 0.6060
            0.0000 0.0000 0.0000 1.0000

            0.9060 0.0047 0.4232 1.2548
            -0.0334 -0.9960 0.0827 9.2042
            0.4219 -0.0890 -0.9022 0.6060
            0.0000 0.0000 0.0000 1.0000

            1.0000 -0.0000 -0.0000 0.0000
            -0.0000 0.9897 -0.1432 -10.8505
            0.0000 0.1432 0.9897 -0.6936
            0.0000 0.0000 0.0000 1.0000

            0.9991 0.0367 0.0193 -1.4012
            0.0372 -0.9990 -0.0268 4.9948
            0.0183 0.0275 -0.9995 -0.5609
            0.0000 0.0000 0.0000 1.0000

            0.9991 -0.0367 -0.0193 1.4012
            -0.0372 -0.9990 -0.0268 4.9948
            -0.0183 0.0275 -0.9995 -0.5609
            0.0000 0.0000 0.0000 1.0000

            1.0000 -0.0000 -0.0000 0.0000
            0.0000 0.9875 -0.1574 -11.4446
            0.0000 0.1574 0.9875 -0.8580
            0.0000 0.0000 0.0000 1.0000

            0.9944 0.1011 0.0307 -1.4337
            0.0182 -0.4503 0.8927 0.7507
            0.1041 -0.8872 -0.4496 0.2435
            0.0000 0.0000 0.0000 1.0000

            0.9944 -0.1011 -0.0307 1.4337
            -0.0182 -0.4503 0.8927 0.7507
            -0.1041 -0.8872 -0.4496 0.2435
            0.0000 0.0000 0.0000 1.0000

            0.0458 -0.9951 0.0872 14.0807
            0.9987 0.0437 -0.0264 -0.8562
            0.0224 0.0883 0.9958 -0.8088
            0.0000 0.0000 0.0000 1.0000

            0.0458 0.9951 -0.0872 -14.0807
            -0.9987 0.0437 -0.0264 -0.8562
            -0.0224 0.0883 0.9958 -0.8088
            0.0000 0.0000 0.0000 1.0000

            1.0000 -0.0000 0.0000 0.0000
            0.0000 0.9369 0.3497 -13.7338
            -0.0000 -0.3497 0.9369 5.7168
            0.0000 0.0000 0.0000 1.0000

            0.9899 0.1341 0.0470 -1.4415
            -0.0579 0.0783 0.9953 -0.6583
            0.1297 -0.9879 0.0852 -0.1810
            0.0000 0.0000 0.0000 1.0000

            0.9899 -0.1341 -0.0470 1.4415
            0.0579 0.0783 0.9953 -0.6583
            -0.1297 -0.9879 0.0852 -0.1810
            0.0000 0.0000 0.0000 1.0000

            -0.0337 -0.9981 0.0522 14.2593
            0.9984 -0.0361 -0.0445 -1.4435
            0.0463 0.0507 0.9976 -0.3196
            0.0000 0.0000 0.0000 1.0000

            -0.0337 0.9981 -0.0522 -14.2593
            -0.9984 -0.0361 -0.0445 -1.4435
            -0.0463 0.0507 0.9976 -0.3196
            0.0000 0.0000 0.0000 1.0000

            1.0000 -0.0000 -0.0000 0.0000
            0.0000 0.9991 -0.0418 -15.8264
            0.0000 0.0418 0.9991 -0.4698
            0.0000 0.0000 0.0000 1.0000

            0.0344 -0.9802 0.1951 13.7895
            0.9957 0.0505 0.0781 -5.0994
            -0.0865 0.1916 0.9777 -1.7284
            0.0000 0.0000 0.0000 1.0000

            0.0344 0.9802 -0.1951 -13.7895
            -0.9957 0.0505 0.0781 -5.0994
            0.0865 0.1916 0.9777 -1.7284
            0.0000 0.0000 0.0000 1.0000

            0.0774 -0.8672 -0.4920 11.6040
            0.9654 -0.0581 0.2542 -5.9430
            -0.2490 -0.4946 0.8327 9.1434
            0.0000 0.0000 0.0000 1.0000

            0.0774 0.8672 0.4920 -11.6040
            -0.9654 -0.0581 0.2542 -5.9430
            0.2490 -0.4946 0.8327 9.1434
            0.0000 0.0000 0.0000 1.0000

            -0.0283 -0.6600 -0.7507 9.7014
            0.9948 -0.0918 0.0432 -6.8418
            -0.0975 -0.7456 0.6592 11.4224
            0.0000 0.0000 0.0000 1.0000

            -0.0284 -0.4223 -0.9060 6.0874
            0.9878 -0.1504 0.0392 -5.9564
            -0.1529 -0.8939 0.4214 14.1543
            0.0000 0.0000 0.0000 1.0000

            -0.0066 -0.3161 -0.9487 3.9591
            0.9986 -0.0512 0.0101 -7.3820
            -0.0517 -0.9473 0.3161 14.1007
            0.0000 0.0000 0.0000 1.0000

            -0.0201 -0.2956 -0.9551 3.9762
            0.9889 -0.1463 0.0244 -5.9929
            -0.1469 -0.9441 0.2952 14.8414
            0.0000 0.0000 0.0000 1.0000

            0.6567 0.6241 0.4234 -13.7554
            0.3071 -0.7340 0.6057 8.1743
            0.6888 -0.2677 -0.6737 -1.3913
            0.0000 0.0000 0.0000 1.0000

            -0.0283 0.6600 0.7507 -9.7014
            -0.9948 -0.0918 0.0432 -6.8418
            0.0975 -0.7456 0.6592 11.4224
            0.0000 0.0000 0.0000 1.0000

            -0.0284 0.4223 0.9060 -6.0874
            -0.9878 -0.1504 0.0392 -5.9564
            0.1528 -0.8939 0.4214 14.1543
            0.0000 0.0000 0.0000 1.0000

            -0.0066 0.3161 0.9487 -3.9591
            -0.9986 -0.0512 0.0101 -7.3819
            0.0517 -0.9473 0.3160 14.1007
            0.0000 0.0000 0.0000 1.0000

            -0.0201 0.2956 0.9551 -3.9762
            -0.9889 -0.1463 0.0244 -5.9929
            0.1469 -0.9441 0.2952 14.8414
            0.0000 0.0000 0.0000 1.0000

            0.6567 -0.6240 -0.4234 13.7544
            -0.3070 -0.7341 0.6057 8.1762
            -0.6888 -0.2678 -0.6736 -1.3904
            0.0000 0.0000 0.0000 1.0000

            -0.0678 -0.7007 -0.7102 10.6150
            0.9958 -0.0914 -0.0049 -7.1361
            -0.0615 -0.7075 0.7040 10.5716
            0.0000 0.0000 0.0000 1.0000

            0.0263 -0.5014 -0.8648 6.7558
            0.9869 -0.1245 0.1022 -6.6762
            -0.1589 -0.8562 0.4916 13.6824
            0.0000 0.0000 0.0000 1.0000

            0.0399 -0.3560 -0.9336 4.1470
            0.9972 -0.0450 0.0597 -7.6596
            -0.0633 -0.9334 0.3532 14.0226
            0.0000 0.0000 0.0000 1.0000

            0.0622 -0.3980 -0.9153 4.7532
            0.9880 -0.1051 0.1128 -6.8598
            -0.1411 -0.9114 0.3867 14.3650
            0.0000 0.0000 0.0000 1.0000

            -0.0334 0.6829 0.7298 -9.3846
            0.9795 -0.1228 0.1597 -5.7367
            0.1987 0.7201 -0.6648 -11.4712
            0.0000 0.0000 0.0000 1.0000

            -0.0678 0.7007 0.7102 -10.6150
            -0.9958 -0.0914 -0.0049 -7.1362
            0.0615 -0.7075 0.7040 10.5716
            0.0000 0.0000 0.0000 1.0000

            0.0263 0.5014 0.8648 -6.7558
            -0.9869 -0.1245 0.1022 -6.6762
            0.1589 -0.8562 0.4916 13.6824
            0.0000 0.0000 0.0000 1.0000

            0.0399 0.3560 0.9336 -4.1470
            -0.9972 -0.0450 0.0597 -7.6596
            0.0633 -0.9334 0.3532 14.0226
            0.0000 0.0000 0.0000 1.0000

            0.0622 0.3980 0.9153 -4.7532
            -0.9880 -0.1051 0.1128 -6.8599
            0.1411 -0.9114 0.3867 14.3649
            0.0000 0.0000 0.0000 1.0000

            -0.0333 -0.6831 -0.7295 9.3889
            -0.9795 -0.1229 0.1598 -5.7347
            -0.1988 0.7199 -0.6650 -11.4686
            0.0000 0.0000 0.0000 1.0000

            -0.1470 -0.6352 -0.7583 10.3750
            0.9761 -0.2171 -0.0073 -5.4280
            -0.1600 -0.7412 0.6519 11.9143
            0.0000 0.0000 0.0000 1.0000

            -0.0373 -0.4009 -0.9154 5.8812
            0.9634 -0.2577 0.0737 -4.8764
            -0.2654 -0.8791 0.3958 14.9386
            0.0000 0.0000 0.0000 1.0000

            0.0252 -0.3414 -0.9396 4.0609
            0.9986 -0.0344 0.0392 -8.0067
            -0.0457 -0.9393 0.3401 13.9481
            0.0000 0.0000 0.0000 1.0000

            -0.0158 -0.2745 -0.9615 3.6627
            0.9707 -0.2350 0.0511 -5.1553
            -0.2400 -0.9324 0.2702 15.4860
            0.0000 0.0000 0.0000 1.0000

            0.1355 0.3718 0.9184 -6.4420
            0.9908 -0.0454 -0.1278 -7.2436
            -0.0058 0.9272 -0.3745 -12.7805
            0.0000 0.0000 0.0000 1.0000

            -0.1470 0.6352 0.7583 -10.3750
            -0.9761 -0.2172 -0.0073 -5.4280
            0.1600 -0.7412 0.6519 11.9143
            0.0000 0.0000 0.0000 1.0000

            -0.0373 0.4009 0.9154 -5.8812
            -0.9634 -0.2577 0.0737 -4.8763
            0.2654 -0.8791 0.3958 14.9386
            0.0000 0.0000 0.0000 1.0000

            0.0252 0.3414 0.9396 -4.0609
            -0.9986 -0.0344 0.0392 -8.0067
            0.0457 -0.9393 0.3401 13.9481
            0.0000 0.0000 0.0000 1.0000

            -0.0158 0.2745 0.9615 -3.6627
            -0.9707 -0.2350 0.0511 -5.1553
            0.2400 -0.9324 0.2702 15.4860
            0.0000 0.0000 0.0000 1.0000

            0.1355 -0.3720 -0.9183 6.4445
            -0.9908 -0.0455 -0.1278 -7.2421
            0.0057 0.9271 -0.3747 -12.7799
            0.0000 0.0000 0.0000 1.0000

          </float_array>
          <technique_common>
            <accessor count="53" source="#icarus_raw-proxy741-skin-poses-array" stride="16">
              <param type="float4x4"></param>
            </accessor>
          </technique_common>
        </source>
        <joints>
          <input semantic="JOINT" source="#icarus_raw-proxy741-skin-joints"/>
          <input semantic="INV_BIND_MATRIX" source="#icarus_raw-proxy741-skin-poses"/>
        </joints>
        <vertex_weights count="741">
          <input offset="0" semantic="JOINT" source="#icarus_raw-proxy741-skin-joints"/>
          <input offset="1" semantic="WEIGHT" source="#icarus_raw-proxy741-skin-weights"/>
          <vcount>
            1 1 1 1 1 1 1 1 1 1 1 1 1 1 1 2 1 1 1 1 1 1 2 2 1 2 2 2 2 1 1 1 1 1 1 5 1 1 1 1 1 1 2 2 1 1 2 2 2 2 1 2 2 1 1 1 1 1 1 2 2 1 1 5 1 1 1 1 1 1 1 1 1 1 1 1 1 1 1 1 1 1 1 1 5 4 3 1 1 1 1 3 5 2 2 2 2 5 4 4 1 1 1 1 1 1 1 1 1 2 2 3 1 2 3 5 5 5 5 5 5 4 3 3 4 4 4 5 5 5 5 4 3 4 5 5 3 3 2 2 2 2 1 2 2 4 2 2 3 3 2 3 2 3 3 2 5 3 4 4 3 5 5 2 3 5 3 4 3 5 4 4 4 3 5 4 4 5 4 4 5 5 5 5 3 4 4 6 5 5 5 4 5 4 4 6 5 5 5 3 5 4 4 4 5 4 3 3 3 3 3 4 2 3 3 2 2 2 2 2 2 2 2 2 3 3 2 2 2 2 2 2 2 2 2 2 2 2 2 2 2 2 2 2 2 2 2 2 2 2 2 2 2 2 2 2 3 3 1 1 2 1 3 3 2 2 2 2 4 3 3 2 1 2 2 1 2 1 2 3 3 3 3 4 3 2 2 3 2 1 1 1 1 1 3 2 2 2 2 2 1 1 1 2 1 1 1 1 1 2 2 2 1 1 1 1 1 1 2 1 1 1 1 1 1 1 1 2 2 4 2 2 2 2 2 1 1 1 1 1 1 1 1 1 1 1 1 1 1 1 1 1 1 1 4 3 3 3 4 4 3 4 4 5 4 5 5 6 1 1 1 1 1 1 1 1 1 1 1 1 1 1 1 2 1 1 1 1 1 1 2 2 1 2 2 2 2 1 1 1 1 1 1 5 1 1 1 1 1 1 2 2 1 1 2 2 2 2 1 2 2 1 1 1 1 1 1 2 2 1 1 5 1 1 1 1 1 1 1 1 1 1 1 1 1 1 1 1 1 1 1 1 1 5 4 3 1 1 5 3 5 3 2 2 2 2 5 4 4 1 1 1 1 1 1 1 1 1 1 1 2 2 3 1 1 1 1 2 5 5 6 5 5 5 5 4 3 4 4 5 5 5 5 4 3 3 4 5 5 3 3 2 2 2 2 1 2 2 4 2 2 3 3 2 3 2 3 3 2 5 3 4 4 3 5 4 2 3 5 3 5 4 3 5 5 4 4 4 3 4 5 4 5 4 5 5 5 5 3 4 5 5 5 4 5 4 4 4 5 5 5 3 5 4 6 4 4 4 3 3 3 3 3 4 2 3 3 3 2 2 2 2 2 2 2 2 2 3 3 2 2 2 2 2 2 2 2 2 2 2 2 2 2 2 2 1 1 1 1 1 1 1 2 2 2 2 2 2 2 3 3 1 1 2 1 3 3 2 2 2 2 4 3 3 2 1 2 2 1 2 1 2 3 3 3 3 4 3 2 2 3 2 1 1 1 1 1 3 2 2 2 2 2 1 1 1 2 1 1 1 1 1 2 2 2 1 1 1 1 1 1 2 1 1 1 1 1 1 1 1 2 2 2 2 1 2 2 1 1 1 1 1 1 1 1 1 1 1 1 1 1 1 1 1 1 1 1 1 3 3 3 4 4 3 4 4 4 3 5 5 5
          </vcount>
          <v>
